W:
-1 -1 -1 -1 -1 -1 -1 -1 
-1 0 4 99999 99999 99999 10 99999 
-1 3 0 99999 18 99999 99999 99999 
-1 99999 6 0 99999 99999 99999 99999 
-1 99999 5 15 0 2 19 5 
-1 99999 99999 12 1 0 99999 99999 
-1 99999 99999 99999 99999 99999 0 10 
-1 99999 99999 99999 8 99999 99999 0 
D:
-1 -1 -1 -1 -1 -1 -1 -1 
-1 0 4 36 22 24 10 20 
-1 3 0 32 18 20 13 23 
-1 9 6 0 24 26 19 29 
-1 8 5 14 0 2 18 5 
-1 9 6 12 1 0 19 6 
-1 26 23 32 18 20 0 10 
-1 16 13 22 8 10 26 0 
P:
-1 -1 -1 -1 -1 -1 -1 -1 
-1 0 0 5 2 4 0 6 
-1 0 0 5 0 4 1 4 
-1 2 0 0 2 4 2 4 
-1 2 0 5 0 0 2 0 
-1 4 4 0 0 0 4 4 
-1 7 7 7 7 7 0 0 
-1 4 4 5 0 4 4 0 
